time, Quad.IMU.AX
0.005000,0.143543
0.010000,-0.840803
0.015000,0.020112
0.020000,-0.815722
0.025000,0.888412
0.030000,-0.285452
0.035000,-1.130639
0.040000,-0.494642
0.045000,0.119913
0.050000,-0.384372
0.055000,0.407486
0.060000,-0.060227
0.065000,-0.351838
0.070000,-0.892240
0.075000,-0.595390
0.080000,-0.018957
0.085000,-0.375465
0.090000,-0.205326
0.095000,-0.533864
0.100000,0.121762
0.105000,-0.390042
0.110000,-0.012265
0.115000,-0.054473
0.120000,-0.596044
0.125000,-0.977557
0.130000,0.499662
0.135000,-0.204600
0.140000,0.085941
0.145000,0.659958
0.150000,-0.161865
0.155000,-0.211823
0.160000,0.682683
0.165000,0.464169
0.170000,-0.986354
0.175000,0.265369
0.180000,0.392272
0.185000,-0.342501
0.190000,0.201272
0.195000,0.495212
0.200000,0.183183
0.205000,-0.388438
0.210000,0.180651
0.215000,0.541380
0.220000,-0.042550
0.225000,-0.019517
0.230000,0.565458
0.235000,-0.096916
0.240000,0.580145
0.245000,0.108427
0.250000,-0.623614
0.255000,0.170493
0.260000,1.104830
0.265000,-0.251906
0.270000,0.582835
0.275000,-0.361715
0.280000,-0.106701
0.285000,0.169183
0.290000,-1.098056
0.295000,0.113491
0.300000,0.257303
0.305000,-0.523277
0.310000,-0.285377
0.314999,-0.308740
0.319999,0.046678
0.324999,-0.525143
0.329999,-0.055716
0.334999,0.024442
0.339999,0.900055
0.344999,-0.149828
0.349999,1.061598
0.354999,0.410543
0.359999,-0.983618
0.364999,-0.593549
0.369999,0.004573
0.374999,-0.024925
0.379999,0.418470
0.384999,-0.390258
0.389999,0.975883
0.394998,-0.439162
0.399998,0.545094
0.404998,-0.471494
0.409998,0.053442
0.414998,-0.080595
0.419998,0.287987
0.424998,-0.034816
0.429998,0.107584
0.434998,0.038691
0.439998,0.249931
0.444998,0.145146
0.449998,0.033183
0.454998,0.129581
0.459998,-0.528709
0.464998,0.341526
0.469997,-0.489207
0.474997,-1.591425
0.479997,-0.659753
0.484997,0.661067
0.489997,-0.116151
0.494997,-0.742588
0.499997,-0.937092
0.504997,0.309459
0.509997,-0.027969
0.514997,0.141795
0.519997,-0.053729
0.524997,-0.206495
0.529997,0.423602
0.534997,-0.440562
0.539997,-0.929728
0.544997,0.323101
0.549996,0.312310
0.554996,0.083992
0.559996,0.865535
0.564996,0.510260
0.569996,1.274786
0.574996,0.188207
0.579996,-0.592059
0.584996,-0.161008
0.589996,-0.680702
0.594996,0.145731
0.599996,-0.059485
0.604996,0.318789
0.609996,-0.258811
0.614996,-0.046313
0.619996,-0.559905
0.624996,0.167153
0.629995,0.486647
0.634995,0.131546
0.639995,-0.968240
0.644995,-0.571043
0.649995,0.580562
0.654995,0.117378
0.659995,-0.381274
0.664995,0.031948
0.669995,-0.413264
0.674995,-0.121964
0.679995,0.092052
0.684995,0.661941
0.689995,-0.081210
0.694995,-0.051616
0.699995,0.341703
0.704994,0.894466
0.709994,0.420368
0.714994,0.100593
0.719994,-0.276141
0.724994,-0.501347
0.729994,-0.024798
0.734994,0.490338
0.739994,-0.142152
0.744994,-0.187764
0.749994,0.000169
0.754994,0.094288
0.759994,0.471938
0.764994,0.754896
0.769994,-0.089145
0.774994,0.321432
0.779994,-0.321500
0.784993,-0.199211
0.789993,-0.421565
0.794993,-0.432170
0.799993,-0.248816
0.804993,-0.093238
0.809993,-0.535777
0.814993,-0.549238
0.819993,0.209115
0.824993,-0.251591
0.829993,0.003513
0.834993,-0.271520
0.839993,0.187513
0.844993,0.967133
0.849993,0.626444
0.854993,-0.369979
0.859993,-0.509411
0.864992,0.234522
0.869992,0.279515
0.874992,-0.489361
0.879992,-0.052754
0.884992,0.207282
0.889992,0.278148
0.894992,0.519316
0.899992,-0.492267
0.904992,0.194260
0.909992,-0.553999
0.914992,0.570975
0.919992,0.558863
0.924992,-0.419014
0.929992,-0.867726
0.934992,0.196469
0.939991,0.828847
0.944991,0.191062
0.949991,-1.337353
0.954991,-0.442944
0.959991,-0.354407
0.964991,0.125094
0.969991,0.009953
0.974991,-0.034659
0.979991,-0.331000
0.984991,-0.313582
0.989991,-0.023281
0.994991,-0.512682
0.999991,-0.027525
1.004991,0.496394
1.009991,-0.165649
1.014991,0.544462
1.019992,-0.088377
1.024992,-0.864653
1.029992,-0.794859
1.034992,-0.153052
1.039993,0.946128
1.044993,0.636342
1.049993,0.124937
1.054993,0.427110
1.059994,0.296845
1.064994,-1.476753
1.069994,0.291914
1.074994,0.251110
1.079994,0.189803
1.084995,0.086198
1.089995,-0.086612
1.094995,0.144904
1.099995,-0.392211
1.104996,0.430158
1.109996,-0.313728
1.114996,-0.268370
1.119996,0.824637
1.124997,0.623782
1.129997,0.177947
1.134997,-0.236573
1.139997,-0.144281
1.144997,0.159447
1.149998,0.284812
1.154998,-0.243869
1.159998,0.471285
1.164998,-0.039248
1.169999,0.060395
1.174999,-1.007129
1.179999,0.395600
1.184999,-1.684452
1.190000,0.236409
1.195000,0.474182
1.200000,0.670353
1.205000,-1.367900
1.210001,-0.660099
1.215001,0.311511
1.220001,-0.192113
1.225001,-0.414117
1.230001,0.448393
1.235002,-0.475098
1.240002,0.083723
1.245002,-0.757140
1.250002,0.061562
1.255003,-0.207987
1.260003,0.583529
1.265003,0.109426
1.270003,1.067759
1.275004,0.286803
1.280004,0.230800
1.285004,-1.088694
1.290004,-0.144743
1.295004,-0.506458
1.300005,-0.604998
1.305005,-0.203729
1.310005,0.403546
1.315005,-0.474464
1.320006,0.047557
1.325006,-0.923100
1.330006,1.498059
1.335006,0.012301
1.340007,0.074608
1.345007,-0.266048
1.350007,0.688638
1.355007,-0.644527
1.360008,-0.303168
1.365008,-0.179013
1.370008,0.396174
1.375008,-0.275440
1.380008,-0.485322
1.385009,0.596166
1.390009,0.624637
1.395009,-0.770980
1.400009,-0.593909
1.405010,-0.016186
1.410010,0.701787
1.415010,0.248395
1.420010,-0.391843
1.425011,0.132154
1.430011,0.879424
1.435011,0.385116
1.440011,-0.460256
1.445011,-0.569295
1.450012,0.673888
1.455012,-0.005141
1.460012,-0.573887
1.465012,0.092133
1.470013,-0.156016
1.475013,0.037192
1.480013,0.853196
1.485013,1.061152
1.490014,0.785337
1.495014,0.286290
1.500014,-0.399289
1.505014,0.150704
1.510015,-0.113454
1.515015,-0.755840
1.520015,-0.109679
1.525015,0.187106
1.530015,0.274258
1.535016,-0.405334
1.540016,0.139058
1.545016,0.221929
1.550016,0.268194
1.555017,0.204387
1.560017,0.097564
1.565017,0.660303
1.570017,-0.612278
1.575018,0.105899
1.580018,0.144969
1.585018,0.033193
1.590018,-0.302272
1.595019,0.445375
1.600019,0.367402
1.605019,0.227924
1.610019,-0.275595
1.615019,-0.226950
1.620020,-0.500856
1.625020,0.439505
1.630020,0.073485
1.635020,0.456482
1.640021,-0.218063
1.645021,-0.401088
1.650021,-0.162824
1.655021,-0.686783
1.660022,-0.680502
1.665022,0.184230
1.670022,0.434692
1.675022,0.195413
1.680022,1.388369
1.685023,0.477428
1.690023,0.441738
1.695023,0.205431
1.700023,0.068544
1.705024,0.418920
1.710024,1.039090
1.715024,0.415648
1.720024,0.118137
1.725025,-0.160461
1.730025,0.012065
1.735025,0.598597
1.740025,0.166711
1.745026,-0.570100
1.750026,0.185387
1.755026,-0.224404
1.760026,0.507622
1.765026,-0.386750
1.770027,0.227241
1.775027,0.844179
1.780027,0.293294
1.785027,-0.005124
1.790028,-0.156446
1.795028,0.130088
1.800028,-0.207032
1.805028,0.268389
1.810029,-0.977091
1.815029,-0.841643
1.820029,-0.206605
1.825029,-0.655976
1.830029,-1.249578
1.835030,0.410573
1.840030,0.819703
1.845030,0.153761
1.850030,0.086727
1.855031,0.151952
1.860031,-0.215231
1.865031,-0.700537
1.870031,0.289871
1.875032,-0.783957
1.880032,0.268223
1.885032,0.379579
1.890032,1.273989
1.895033,0.171327
1.900033,-0.315908
1.905033,0.784903
1.910033,-0.013918
1.915033,0.059219
1.920034,1.063098
1.925034,-0.217574
1.930034,-0.660737
1.935034,0.122293
1.940035,0.472144
1.945035,-0.307210
1.950035,-0.481887
1.955035,0.406167
1.960036,-0.575438
1.965036,0.041333
1.970036,-0.669598
1.975036,-1.103682
1.980036,0.382881
1.985037,0.861244
1.990037,-1.018437
1.995037,-0.056500
2.000037,-1.376277
2.005037,0.343981
2.010037,1.096149
2.015036,-1.027481
2.020036,-0.520920
2.025036,-0.870175
2.030035,0.481496
2.035035,-0.008853
2.040035,0.128479
2.045034,0.884768
2.050034,0.480761
2.055033,0.469768
2.060033,-0.217558
2.065033,-0.133127
2.070032,0.040120
2.075032,0.518648
2.080032,-0.283518
2.085031,0.188001
2.090031,-0.717529
2.095031,-0.033490
2.100030,0.328659
2.105030,-0.453140
2.110029,0.435945
2.115029,0.821923
2.120029,0.273606
2.125028,0.501289
2.130028,-1.407833
2.135028,0.252382
2.140027,-0.599519
2.145027,-1.037450
2.150027,0.070881
2.155026,0.304278
2.160026,0.616689
2.165025,0.675340
2.170025,0.031356
2.175025,-0.253566
2.180024,-0.341966
2.185024,0.388964
2.190024,-0.093498
2.195023,-0.139808
2.200023,0.252501
2.205023,-0.275001
2.210022,0.521230
2.215022,0.643004
2.220021,-0.280102
2.225021,0.153769
2.230021,0.337329
2.235020,-0.249181
2.240020,0.840121
2.245020,0.651117
2.250019,0.443052
2.255019,0.397914
2.260019,-0.041917
2.265018,0.432408
2.270018,0.514629
2.275017,0.167387
2.280017,-0.310452
2.285017,-0.072123
2.290016,-0.162686
2.295016,-0.034737
2.300016,0.629968
2.305015,0.068146
2.310015,-0.129539
2.315015,0.172282
2.320014,0.141114
2.325014,-0.192301
2.330014,0.477863
2.335013,-0.248587
2.340013,0.043811
2.345012,0.673411
2.350012,-0.562571
2.355012,-0.306647
2.360011,0.184892
2.365011,0.106874
2.370011,0.538720
2.375010,0.491532
2.380010,-0.242518
2.385010,0.267532
2.390009,-0.854406
2.395009,0.241045
2.400008,-0.268537
2.405008,-0.338126
2.410008,-0.822034
2.415007,-0.488123
2.420007,-1.143848
2.425007,0.159919
2.430006,-0.703678
2.435006,0.672185
2.440006,-0.702397
2.445005,-0.192541
2.450005,0.559210
2.455004,0.836139
2.460004,0.977613
2.465004,-0.296070
2.470003,-0.273859
2.475003,0.486228
2.480003,-0.072951
2.485002,-0.868737
2.490002,0.061545
2.495002,0.716806
2.500001,-0.522629
2.505001,0.014230
2.510000,0.172392
2.515000,0.257503
2.520000,-0.898376
2.524999,-0.303086
2.529999,-0.511545
2.534999,0.114859
2.539998,-0.872170
2.544998,0.220872
2.549998,0.259311
2.554997,-0.236987
2.559997,0.131860
2.564996,0.472352
2.569996,-0.633555
2.574996,-0.342989
2.579995,-0.329951
2.584995,0.544661
2.589995,-0.542335
2.594994,-0.558314
2.599994,0.077956
2.604994,0.457309
2.609993,-0.636537
2.614993,0.467907
2.619992,0.579275
2.624992,-0.010964
2.629992,-0.312383
2.634991,0.341611
2.639991,-0.539722
2.644991,-0.166021
2.649990,0.107973
2.654990,-0.852946
2.659990,0.144225
2.664989,0.906760
2.669989,-0.101443
2.674989,-0.063336
2.679988,0.108591
2.684988,0.155784
2.689987,0.084066
2.694987,-1.015865
2.699987,0.257385
2.704986,-0.181721
2.709986,-0.183138
2.714986,0.473693
2.719985,-0.159071
2.724985,0.582352
2.729985,-0.113385
2.734984,0.430473
2.739984,0.259032
2.744983,-0.705822
2.749983,-0.061011
2.754983,0.342444
2.759982,0.145359
2.764982,-0.050888
2.769982,-0.098255
2.774981,-0.905525
2.779981,0.126880
2.784981,0.769837
2.789980,-0.493355
2.794980,1.354182
2.799979,-0.803441
2.804979,-0.900678
2.809979,-0.281690
2.814978,-0.007334
2.819978,-0.318832
2.824978,-0.574477
2.829977,0.672026
2.834977,-1.161164
2.839977,-0.388722
2.844976,0.295634
2.849976,-0.246939
2.854975,-0.396398
2.859975,-0.203062
2.864975,-0.525832
2.869974,-0.305818
2.874974,0.235242
2.879974,0.673734
2.884973,-0.719817
2.889973,0.651149
2.894973,0.171736
2.899972,-0.410059
2.904972,-0.678051
2.909971,1.047537
2.914971,0.419119
2.919971,0.636684
2.924970,-0.350556
2.929970,0.363189
2.934970,-0.330788
2.939969,0.231792
2.944969,-0.217681
2.949969,-0.119864
2.954968,-0.151222
2.959968,0.694825
2.964967,0.031897
2.969967,0.179934
2.974967,-0.716119
2.979966,0.974468
2.984966,-0.434093
2.989966,-0.328159
2.994965,-0.502828
2.999965,-0.380011
3.004965,-0.798024
3.009964,0.143136
3.014964,-0.361338
3.019964,0.389643
3.024963,-0.673816
3.029963,-0.358091
3.034962,0.424039
3.039962,0.751989
3.044962,0.253253
3.049961,0.212711
3.054961,0.567361
3.059961,-0.884462
3.064960,1.021503
3.069960,0.761549
3.074960,0.425855
3.079959,-0.102783
3.084959,0.362390
3.089958,-0.293353
3.094958,-0.108371
3.099958,-0.473948
3.104957,-0.207079
3.109957,-0.415887
3.114957,0.020038
3.119956,-0.274103
3.124956,0.010560
3.129956,-0.523415
3.134955,-0.925535
3.139955,0.356558
3.144954,0.382588
3.149954,-0.793913
3.154954,-0.432700
3.159953,0.008450
3.164953,0.402309
3.169953,0.600493
3.174952,0.290484
3.179952,0.423583
3.184952,0.032573
3.189951,0.061213
3.194951,-0.285383
3.199950,-0.441352
3.204950,0.282423
3.209950,0.508334
3.214949,0.013344
3.219949,-0.261949
3.224949,-0.400742
3.229948,0.206189
3.234948,-0.542127
3.239948,0.012648
3.244947,-0.578265
3.249947,-0.837882
3.254946,-0.502532
3.259946,0.523398
3.264946,-0.004268
3.269945,-0.273892
3.274945,0.787814
3.279945,-0.010131
3.284944,0.482186
3.289944,-0.769946
3.294944,0.599346
3.299943,0.769129
3.304943,0.236280
3.309942,0.105219
3.314942,-0.734758
3.319942,0.685167
3.324941,-0.310005
3.329941,-0.729784
3.334941,0.313023
3.339940,-0.313960
3.344940,0.050394
3.349940,0.746245
3.354939,0.295085
3.359939,0.148823
3.364938,0.417213
3.369938,0.885996
3.374938,0.445250
3.379937,0.194713
3.384937,0.298117
3.389937,-0.076608
3.394936,-0.535823
3.399936,-0.598015
3.404936,0.389362
3.409935,-0.464701
3.414935,-0.690829
3.419935,-0.061995
3.424934,-0.237565
3.429934,-0.643012
3.434933,-0.762843
3.439933,-0.039727
3.444933,0.070757
3.449932,0.024871
3.454932,0.222449
3.459932,-0.206539
3.464931,0.109454
3.469931,0.256392
3.474931,0.304521
3.479930,0.090862
3.484930,0.170205
3.489929,-0.278775
3.494929,-0.681112
3.499929,0.169817
3.504928,0.130648
3.509928,1.145933
3.514928,-0.176904
3.519927,0.849195
3.524927,0.773099
3.529927,0.397328
3.534926,0.015370
3.539926,-0.963892
3.544925,0.530458
3.549925,0.325901
3.554925,0.456859
3.559924,0.908296
3.564924,-0.579500
3.569924,0.796096
3.574923,-0.265672
3.579923,0.110568
3.584923,-0.110091
3.589922,-0.135631
3.594922,0.491320
3.599921,0.604038
3.604921,-0.968892
3.609921,0.107140
3.614920,0.669903
3.619920,-0.246054
3.624920,0.066802
3.629919,-0.051931
3.634919,-0.032054
3.639919,-0.232406
3.644918,-0.073880
3.649918,0.165302
3.654917,0.155049
3.659917,0.184253
3.664917,0.159769
3.669916,0.145893
3.674916,0.204332
3.679916,-0.444611
3.684915,-0.233868
3.689915,0.281108
3.694915,0.038480
3.699914,0.862831
3.704914,0.372968
3.709913,-0.474071
3.714913,-0.430542
3.719913,-0.298108
3.724912,-0.382653
3.729912,-0.494880
3.734912,-0.521522
3.739911,0.131919
3.744911,0.324978
3.749911,0.197503
3.754910,-0.906658
3.759910,-0.899620
3.764910,0.611923
3.769909,-0.113334
3.774909,-0.061087
3.779908,0.082560
3.784908,-0.140640
3.789908,0.121827
3.794907,0.418198
3.799907,0.260654
3.804907,0.249879
3.809906,0.276987
3.814906,0.236042
3.819906,0.416224
3.824905,0.622844
3.829905,-0.313286
3.834904,0.602259
3.839904,0.511346
3.844904,0.493127
3.849903,0.576518
3.854903,0.270753
3.859903,-0.291562
3.864902,-0.040460
3.869902,0.583164
3.874902,0.080237
3.879901,0.898154
3.884901,0.925881
3.889900,0.154090
3.894900,-0.041868
3.899900,0.234841
3.904899,0.405845
3.909899,0.091683
3.914899,0.308769
3.919898,-0.139213
3.924898,-0.624314
3.929898,0.625980
3.934897,-0.888572
3.939897,-0.003004
3.944896,-0.376907
3.949896,-0.207104
3.954896,0.137652
3.959895,0.099025
3.964895,0.054304
3.969895,-0.362166
3.974894,-0.481347
3.979894,0.620011
3.984894,0.196129
3.989893,-0.145077
3.994893,0.131344
3.999892,-0.259673
4.004892,-0.447476
4.009892,0.182293
4.014892,-0.987617
4.019891,1.072190
4.024891,0.138113
4.029891,-0.023962
4.034890,-0.783977
4.039890,-0.367817
4.044889,0.412622
4.049889,0.733934
4.054889,-0.350657
4.059888,0.066523
4.064888,-0.061647
4.069888,0.827037
4.074887,0.642099
4.079887,0.020046
4.084887,0.417805
4.089886,-0.723438
4.094886,-0.885823
4.099885,-0.341657
4.104885,-0.267977
4.109885,-0.230302
4.114884,-0.209226
4.119884,-0.698502
4.124884,0.077208
4.129883,-0.473883
4.134883,0.249931
4.139883,-0.902335
4.144882,-0.309731
4.149882,-0.107950
4.154881,-0.498176
4.159881,-0.370868
4.164881,-0.119782
4.169880,0.494305
4.174880,0.506343
4.179880,0.335034
4.184879,0.825464
4.189879,0.310149
4.194879,0.505999
4.199878,-0.789287
4.204878,0.294647
4.209877,0.171988
4.214877,0.171207
4.219877,-0.012177
4.224876,-1.014753
4.229876,0.651885
4.234876,0.190602
4.239875,-0.599755
4.244875,-1.019691
4.249875,0.632705
4.254874,-0.445311
4.259874,-0.793655
4.264874,-0.103043
4.269873,0.024834
4.274873,-0.355909
4.279872,-0.894873
4.284872,-0.424019
4.289872,-0.991187
4.294871,-0.341993
4.299871,-0.307813
4.304871,-1.003627
4.309870,-0.379254
4.314870,1.412807
4.319870,0.224835
4.324869,0.869660
4.329869,0.330526
4.334868,-0.368847
4.339868,0.452519
4.344868,-0.418138
4.349867,0.674030
4.354867,0.104942
4.359867,-0.369969
4.364866,0.927793
4.369866,-0.235206
4.374866,-0.897164
4.379865,-0.586082
4.384865,0.044563
4.389864,0.442456
4.394864,0.308143
4.399864,0.137548
4.404863,0.195154
4.409863,-0.233259
4.414863,0.162241
4.419862,1.013330
4.424862,-0.280656
4.429862,1.095171
4.434861,0.818290
4.439861,0.900322
4.444860,0.111715
4.449860,-0.230594
4.454860,0.016880
4.459859,0.772304
4.464859,-0.221439
4.469859,0.718518
4.474858,0.142431
4.479858,-0.302337
4.484858,0.678587
4.489857,-0.931086
4.494857,-0.003628
4.499856,0.524478
4.504856,-0.371755
4.509856,-0.666356
4.514855,0.029122
4.519855,0.257881
4.524855,0.213138
4.529854,-0.197657
4.534854,0.107141
4.539854,0.155703
4.544853,-0.042799
4.549853,-0.783226
4.554852,0.030126
4.559852,-0.463753
4.564852,-0.476604
4.569851,0.630789
4.574851,-0.288603
4.579851,0.263333
4.584850,0.342074
4.589850,0.144259
4.594850,0.111853
4.599849,0.572433
4.604849,0.312240
4.609848,0.496635
4.614848,-0.394830
4.619848,0.694401
4.624847,0.736027
4.629847,0.476181
4.634847,-0.004368
4.639846,-0.806952
4.644846,-0.335285
4.649846,-1.031742
4.654845,-0.150852
4.659845,0.152448
4.664845,-0.193096
4.669844,-0.153176
4.674844,0.208270
4.679843,0.057323
4.684843,0.044967
4.689843,-0.249328
4.694842,0.710377
4.699842,0.473940
4.704842,-0.306348
4.709841,0.732489
4.714841,0.536153
4.719841,0.422266
4.724840,0.127674
4.729840,0.425628
4.734839,0.015672
4.739839,-0.388707
4.744839,-0.265392
4.749838,-0.376134
4.754838,0.044605
4.759838,0.038702
4.764837,0.560523
4.769837,0.923174
4.774837,-0.463320
4.779836,0.079044
4.784836,0.228023
4.789835,-0.446225
4.794835,-0.513312
4.799835,0.931937
4.804834,-0.361435
4.809834,0.820450
4.814834,0.443058
4.819833,0.229111
4.824833,-0.020273
4.829833,0.405723
4.834832,-0.006861
4.839832,0.467201
4.844831,0.740880
4.849831,-0.352119
4.854831,-1.658761
4.859830,0.666955
4.864830,0.240634
4.869830,0.710399
4.874829,0.102764
4.879829,-0.258634
4.884829,-0.362608
4.889828,-0.692540
4.894828,-0.344692
4.899827,-0.042537
4.904827,0.028231
4.909827,-0.276258
4.914826,-1.218767
4.919826,0.452167
4.924826,-0.829723
4.929825,-0.465571
4.934825,-0.071299
4.939825,-0.069116
4.944824,0.449574
4.949824,0.599561
4.954823,-0.131691
4.959823,-0.212561
4.964823,-0.556179
4.969822,-0.184345
4.974822,-0.105520
4.979822,0.939971
4.984821,-0.287089
4.989821,0.569091
4.994821,-0.474226
4.999820,0.095309
5.004820,0.365300
5.009820,0.120540
5.014819,-0.163281
5.019819,0.189874
5.024818,-0.352253
5.029818,-0.332056
5.034818,-0.138201
5.039817,-0.260000
5.044817,0.346806
5.049817,-1.125034
5.054816,-0.210584
5.059816,0.257961
5.064816,0.425102
5.069815,0.065168
5.074815,0.080241
5.079814,0.506150
5.084814,-1.426847
5.089814,-0.730096
5.094813,-0.257579
5.099813,-0.301301
5.104813,-0.633923
5.109812,1.056883
5.114812,0.531920
5.119812,-0.701224
5.124811,-0.561444
5.129811,0.798575
5.134810,0.285600
5.139810,-1.111577
5.144810,-0.248694
5.149809,-0.031641
5.154809,-0.217463
5.159809,0.145522
5.164808,0.312336
5.169808,0.061546
5.174808,-0.141010
5.179807,0.395167
5.184807,-0.159684
5.189806,0.113311
5.194806,0.529258
5.199806,-0.915439
5.204805,-0.422174
5.209805,-0.081660
5.214805,-0.177134
5.219804,0.019742
5.224804,0.332407
5.229804,0.192103
5.234803,0.220720
5.239803,-0.531110
5.244802,-0.189057
5.249802,-0.333400
5.254802,-0.384278
5.259801,-0.318538
5.264801,0.138936
5.269801,0.256044
5.274800,1.238134
5.279800,-0.012241
5.284800,0.203782
5.289799,0.440590
5.294799,-1.251978
5.299798,0.079281
5.304798,0.207057
5.309798,-0.542872
5.314797,-0.668931
5.319797,1.180108
5.324797,-0.137174
5.329796,-0.342447
5.334796,0.628086
5.339796,-0.090902
5.344795,-1.183518
5.349795,-0.579778
5.354795,0.242198
5.359794,-0.197924
5.364794,0.182437
5.369793,-0.016543
5.374793,0.240310
5.379793,-1.201892
5.384792,0.413364
5.389792,0.468323
5.394792,0.013005
5.399791,-0.650933
5.404791,0.604980
5.409791,-0.031449
5.414790,0.002066
5.419790,-0.540767
5.424789,0.520007
5.429789,0.551618
5.434789,0.018466
5.439788,0.122346
5.444788,0.637154
5.449788,-1.471344
5.454787,0.653241
5.459787,0.081548
5.464787,-0.019945
5.469786,1.294796
5.474786,0.241970
5.479785,0.303174
5.484785,0.029748
5.489785,0.047262
5.494784,0.063372
5.499784,-0.763395
5.504784,0.890054
5.509783,0.495047
5.514783,0.409186
5.519783,0.317693
5.524782,0.553109
5.529782,0.054444
5.534781,0.610362
5.539781,0.211822
5.544781,0.901155
5.549780,0.051856
5.554780,-0.026151
5.559780,0.046037
5.564779,-0.920604
5.569779,-0.272152
5.574779,1.033586
5.579778,-1.126685
5.584778,-1.239142
5.589777,-0.560877
5.594777,-0.281244
5.599777,-0.509584
5.604776,-0.055892
5.609776,0.627446
5.614776,-0.171495
5.619775,-0.167502
5.624775,-0.990652
5.629775,-0.355529
5.634774,-0.811548
5.639774,-0.180690
5.644773,0.070486
5.649773,-0.151533
5.654773,-0.052412
5.659772,0.067743
5.664772,0.055182
5.669772,-0.038543
5.674771,-0.095814
5.679771,0.043855
5.684771,-0.701573
5.689770,-0.137623
5.694770,0.482019
5.699769,-0.327805
5.704769,-0.815597
5.709769,0.157533
5.714768,0.049083
5.719768,-0.167653
5.724768,-1.560580
5.729767,-0.958654
5.734767,0.273256
5.739767,-0.480580
5.744766,-0.166403
5.749766,0.029329
5.754766,-0.152702
5.759765,0.316419
5.764765,0.269597
5.769764,-0.378944
5.774764,0.997957
5.779764,0.374283
5.784763,0.022066
5.789763,0.291129
5.794763,-0.641972
5.799762,0.387602
5.804762,0.395932
5.809762,-0.406964
5.814761,0.349830
5.819761,0.097573
5.824760,0.198815
5.829760,1.475319
5.834760,-0.516007
5.839759,0.571321
5.844759,0.287431
5.849759,-0.406921
5.854758,-0.066918
5.859758,0.590663
5.864758,-0.343013
5.869757,-0.348536
5.874757,0.133329
5.879756,0.068425
5.884756,-0.067849
5.889756,0.682310
5.894755,-0.494940
5.899755,-0.311086
5.904755,-0.274035
5.909754,0.333851
5.914754,-0.398659
5.919754,-0.675482
5.924753,-0.643684
5.929753,-0.348742
5.934752,-0.474753
5.939752,0.060503
5.944752,-0.167818
5.949751,0.091671
5.954751,-0.432198
5.959751,0.071815
5.964750,0.864183
5.969750,-0.422519
5.974750,-0.552628
5.979749,-0.719605
5.984749,-0.189036
5.989748,-0.447406
5.994748,-0.172658
5.999748,0.935848
6.004747,0.621778
6.009747,0.255419
6.014747,0.218411
6.019746,0.222115
6.024746,0.697072
6.029746,0.079437
6.034745,0.712322
6.039745,0.068865
6.044744,0.149293
6.049744,0.179109
6.054744,-0.493404
6.059743,0.575619
6.064743,-0.440532
6.069743,0.518682
6.074742,0.788915
6.079742,-0.408387
6.084742,0.743508
6.089741,0.231434
6.094741,0.346245
6.099741,-0.806417
6.104740,0.828889
6.109740,-0.380342
6.114739,0.580542
6.119739,0.192925
6.124739,-0.061634
6.129738,-0.843690
6.134738,0.144459
6.139738,-0.352714
6.144737,-0.149497
6.149737,-0.397078
6.154737,-0.006948
6.159736,-0.442778
6.164736,0.433492
6.169735,0.713850
6.174735,0.559210
6.179735,0.475883
6.184734,0.118724
6.189734,-0.700977
6.194734,0.715804
6.199733,-0.004855
6.204733,-0.254541
6.209733,0.508921
6.214732,0.691587
6.219732,0.373130
6.224731,-0.037046
6.229731,-0.017210
6.234731,-0.144243
6.239730,-0.151233
6.244730,0.401136
6.249730,1.332528
6.254729,-0.429812
6.259729,-0.346094
6.264729,-0.332506
6.269728,-0.385808
6.274728,-0.441287
6.279727,-0.785430
6.284727,0.967830
6.289727,0.360048
6.294726,-0.383632
6.299726,-0.674580
6.304726,0.751760
6.309725,1.025996
6.314725,0.395237
6.319725,0.116555
6.324724,-0.793710
6.329724,0.209515
6.334723,0.740538
6.339723,-0.341264
6.344723,-0.413763
6.349722,0.074613
6.354722,-0.252455
6.359722,-0.095553
6.364721,-0.267990
6.369721,-0.024505
6.374721,-0.473442
6.379720,0.566416
6.384720,0.112270
6.389719,-0.117596
6.394719,0.113758
6.399719,0.660470
6.404718,0.057666
6.409718,0.651592
6.414718,-0.278906
6.419717,-0.346054
6.424717,0.249459
6.429717,0.296986
6.434716,-0.465570
6.439716,0.409247
6.444715,-0.043132
6.449715,-0.624186
6.454715,0.279266
6.459714,-0.775641
6.464714,1.071729
6.469714,-0.543990
6.474713,-0.626956
6.479713,0.289557
6.484713,0.019275
6.489712,0.446593
6.494712,0.244901
6.499712,0.336644
6.504711,-0.445276
6.509711,0.231435
6.514710,-0.891696
6.519710,0.000654
6.524710,0.330466
6.529709,-0.166381
6.534709,-0.412127
6.539709,0.297045
6.544708,-0.002893
6.549708,-0.496754
6.554708,0.494912
6.559707,0.456355
6.564707,-0.397297
6.569706,-0.255507
6.574706,-0.340639
6.579706,-0.450154
6.584705,0.662820
6.589705,-0.376312
6.594705,-0.257021
6.599704,-0.733682
6.604704,-0.097089
6.609704,-1.027022
6.614703,0.044178
6.619703,-1.838746
6.624702,-1.039345
6.629702,0.332215
6.634702,0.378350
6.639701,-0.131311
6.644701,-0.222749
6.649701,0.044236
6.654700,-0.286791
6.659700,-0.038587
6.664700,-0.104447
6.669699,0.867885
6.674699,-0.788363
6.679698,0.205028
6.684698,0.237296
6.689698,0.655029
6.694697,-0.236806
6.699697,0.694419
6.704697,0.902259
6.709696,0.052336
6.714696,0.681659
6.719696,-0.484152
6.724695,0.176303
6.729695,0.012528
6.734694,0.541702
6.739694,-0.622275
6.744694,-0.869509
6.749693,0.778364
6.754693,-0.464554
6.759693,-0.385369
6.764692,0.350318
6.769692,-0.071097
6.774692,0.564663
6.779691,0.090893
6.784691,-0.527987
6.789690,-0.679267
6.794690,-0.484234
6.799690,-0.267503
6.804689,0.413205
6.809689,0.034393
6.814689,0.677382
6.819688,-0.162432
6.824688,0.874003
6.829688,0.279573
6.834687,-0.123870
6.839687,-0.077542
6.844687,-1.086137
6.849686,-0.245184
6.854686,-0.128693
6.859685,0.469826
6.864685,-0.529776
6.869685,0.109738
6.874684,0.237745
6.879684,-0.550271
6.884684,-0.726937
6.889683,0.392636
6.894683,-0.582629
6.899683,0.522401
6.904682,-0.279158
6.909682,-0.804172
6.914681,0.454028
6.919681,-0.796025
6.924681,-0.435854
6.929680,-0.284444
6.934680,0.338007
6.939680,-0.703854
6.944679,-0.080410
6.949679,-0.285169
6.954679,-0.049587
6.959678,0.649832
6.964678,-0.229163
6.969677,0.424895
6.974677,0.744322
6.979677,0.832985
6.984676,0.642392
6.989676,0.282317
6.994676,0.537087
6.999675,0.057980
7.004675,0.101014
7.009675,-0.058798
7.014674,0.443543
7.019674,0.565315
7.024673,0.916826
7.029673,0.888424
7.034673,-0.377206
7.039672,-1.182476
7.044672,0.495926
7.049672,0.216958
7.054671,1.107642
7.059671,0.073017
7.064671,-0.318845
7.069670,0.001514
7.074670,0.048954
7.079669,-0.366327
7.084669,0.855098
7.089669,0.252892
7.094668,-0.191501
7.099668,-1.678917
7.104668,0.216476
7.109667,0.056067
7.114667,0.217405
7.119667,0.454676
7.124666,0.095172
7.129666,-0.427546
7.134665,-0.230904
7.139665,-0.215813
7.144665,0.815723
7.149664,-0.207500
7.154664,0.281838
7.159664,-0.144025
7.164663,-0.326226
7.169663,-0.093718
7.174663,0.393450
7.179662,-0.401153
7.184662,0.204280
7.189662,-0.082893
7.194661,0.016226
7.199661,0.189859
7.204660,-0.522084
7.209660,-0.050301
7.214660,0.052417
7.219659,1.569715
7.224659,-0.420631
7.229659,0.123767
7.234658,-0.596107
7.239658,0.552498
7.244658,0.003794
7.249657,0.245217
7.254657,0.441243
7.259656,0.580885
7.264656,0.549261
7.269656,0.068506
7.274655,0.202287
7.279655,0.195673
7.284655,0.118203
7.289654,-0.322878
7.294654,-0.153313
7.299654,0.346800
7.304653,-0.137898
7.309653,0.279553
7.314652,0.383569
7.319652,0.062782
7.324652,0.047257
7.329651,0.223481
7.334651,0.688475
7.339651,-0.440725
7.344650,0.318340
7.349650,-0.088448
7.354650,0.184101
7.359649,-0.122356
7.364649,-0.126863
7.369648,-0.406608
7.374648,0.288689
7.379648,-0.203030
7.384647,0.874583
7.389647,-0.280299
7.394647,-0.180569
7.399646,-0.070337
7.404646,-0.268965
7.409646,0.283171
7.414645,-0.506059
7.419645,0.070586
7.424644,0.188535
7.429644,0.704934
7.434644,-1.111671
7.439643,-0.290706
7.444643,-0.327417
7.449643,-0.199643
7.454642,0.226064
7.459642,0.147152
7.464642,0.282302
7.469641,-0.032880
7.474641,1.069744
7.479640,-0.883185
7.484640,-0.623131
7.489640,-0.133953
7.494639,0.211475
7.499639,0.149477
7.504639,0.018294
7.509638,0.062114
7.514638,-0.555662
7.519638,0.817958
7.524637,0.361153
7.529637,-0.060214
7.534636,-0.708388
7.539636,0.373187
7.544636,-0.483920
7.549635,0.094483
7.554635,0.382639
7.559635,0.393390
7.564634,0.067370
7.569634,-0.490955
7.574634,0.949055
7.579633,1.003897
7.584633,-0.209389
7.589633,-0.391328
7.594632,-0.385948
7.599632,0.319805
7.604631,-0.164326
7.609631,0.499125
7.614631,-0.582679
7.619630,0.036318
7.624630,0.014667
7.629630,0.097347
7.634629,0.124894
7.639629,0.550105
7.644629,0.943224
7.649628,-0.235154
7.654628,-0.578748
7.659627,-0.252695
7.664627,-0.145968
7.669627,-0.978960
7.674626,0.862878
7.679626,-1.027386
7.684626,-1.337947
7.689625,0.793995
7.694625,-0.508505
7.699625,-1.498074
7.704624,-0.019138
7.709624,1.020513
7.714623,-0.229805
7.719623,-0.563895
7.724623,0.545449
7.729622,0.295633
7.734622,0.448778
7.739622,-0.180471
7.744621,-0.243235
7.749621,-0.075778
7.754621,0.103499
7.759620,-0.267894
7.764620,0.042395
7.769619,-0.771909
7.774619,0.090261
7.779619,-0.928332
7.784618,0.223455
7.789618,-0.433547
7.794618,-0.279984
7.799617,0.330089
7.804617,-0.244419
7.809617,0.047331
7.814616,-0.156098
7.819616,-0.466138
7.824615,0.788964
7.829615,0.455106
7.834615,-0.325738
7.839614,-0.228488
7.844614,0.184281
7.849614,-0.241223
7.854613,0.009936
7.859613,0.306458
7.864613,0.215474
7.869612,0.776387
7.874612,0.011334
7.879611,0.457674
7.884611,-0.566335
7.889611,-0.180799
7.894610,0.773803
7.899610,-0.487282
7.904610,-0.446425
7.909609,-0.676116
7.914609,-0.497860
7.919609,0.094529
7.924608,-0.150545
7.929608,0.260462
7.934608,-0.766377
7.939607,0.346954
7.944607,0.387533
7.949606,0.387451
7.954606,-0.604898
7.959606,0.175628
7.964605,-0.009621
7.969605,0.077187
7.974605,0.371625
7.979604,-1.127601
7.984604,0.462211
7.989604,-0.154448
7.994603,-0.050041
7.999603,-0.365102
8.004604,0.066378
8.009606,0.069639
8.014608,1.018018
8.019610,0.117216
8.024612,0.527199
8.029614,-0.050778
8.034616,0.585295
8.039618,-0.284194
8.044621,-0.304570
8.049623,-0.995698
8.054625,0.057609
8.059627,-0.977990
8.064629,0.761897
8.069631,-0.407624
8.074633,0.796213
8.079635,-0.450614
8.084637,0.272359
8.089639,-0.185869
8.094641,0.008788
8.099643,-0.488499
8.104645,-0.131898
8.109647,-0.287798
8.114649,0.966833
8.119651,0.107696
8.124653,0.109781
8.129655,0.346330
8.134657,0.143830
8.139659,-0.855699
8.144661,-1.058344
8.149663,-0.494543
8.154665,0.360882
8.159667,-0.103487
8.164669,0.308980
8.169671,0.132262
8.174673,-0.378857
8.179675,0.556056
8.184677,0.477597
8.189679,-0.185854
8.194681,0.453719
8.199683,-0.647300
8.204685,0.252427
8.209687,-0.096877
8.214689,-0.194366
8.219691,0.040589
8.224693,0.052344
8.229695,0.544558
8.234697,0.611262
8.239699,-0.992200
8.244701,-0.142504
8.249703,0.258260
8.254705,0.884528
8.259707,-0.027014
8.264709,-0.518071
8.269711,0.228619
8.274714,-0.300479
8.279716,-0.903095
8.284718,0.341047
8.289720,-0.233372
8.294722,0.398214
8.299724,-0.647052
8.304726,-0.338398
8.309728,0.175215
8.314730,-0.682934
8.319732,-0.734889
8.324734,-0.585518
8.329736,0.278381
8.334738,-0.069718
8.339740,0.829439
8.344742,-0.403774
8.349744,0.233213
8.354746,0.413018
8.359748,0.584793
8.364750,-0.757204
8.369752,-0.093023
8.374754,0.163569
8.379756,-0.134508
8.384758,-0.482147
8.389760,-0.155093
8.394762,-0.466699
8.399764,-0.436170
8.404766,0.610637
8.409768,-0.522167
8.414770,0.295830
8.419772,-0.562413
8.424774,0.668059
8.429776,0.402673
8.434778,-0.274049
8.439780,-1.528112
8.444782,0.223855
8.449784,0.346562
8.454786,-0.120925
8.459788,-0.714191
8.464790,0.136243
8.469792,-0.262268
8.474794,-0.580693
8.479796,-0.006826
8.484798,-0.355844
8.489800,-0.159283
8.494802,0.409609
8.499804,0.441905
8.504807,0.500231
8.509809,0.136131
8.514811,0.126263
8.519813,-0.244936
8.524815,0.107463
8.529817,-0.532830
8.534819,-0.506830
8.539821,0.027664
8.544823,0.272900
8.549825,-0.457447
8.554827,0.594303
8.559829,0.008836
8.564831,-0.258212
8.569833,0.686153
8.574835,-0.084397
8.579837,0.737135
8.584839,-0.282636
8.589841,0.391761
8.594843,1.035279
8.599845,-1.424861
8.604847,-0.424701
8.609849,0.251116
8.614851,-0.195724
8.619853,-0.077006
8.624855,-0.240725
8.629857,0.077608
8.634859,0.443421
8.639861,-0.414833
8.644863,-0.848408
8.649865,-0.404059
8.654867,0.770653
8.659869,-0.059654
8.664871,-0.710721
8.669873,0.311436
8.674875,-0.325218
8.679877,-0.350334
8.684879,-0.495564
8.689881,-0.354473
8.694883,-0.306141
8.699885,-0.012416
8.704887,-0.923472
8.709889,-0.274656
8.714891,0.014557
8.719893,0.892802
8.724895,-0.279388
8.729897,-0.402160
8.734900,-0.196988
8.739902,-0.141544
8.744904,-0.082851
8.749906,0.935646
8.754908,-0.543136
8.759910,-0.644631
8.764912,-0.326511
8.769914,0.113649
8.774916,-0.051940
8.779918,0.399713
8.784920,0.917562
8.789922,0.269638
8.794924,-0.211833
8.799926,1.376692
8.804928,0.155494
8.809930,0.268994
8.814932,0.280836
8.819934,0.033987
8.824936,-0.362265
8.829938,-0.052193
8.834940,0.548556
8.839942,0.396836
8.844944,-0.855129
8.849946,-0.422763
8.854948,0.360976
8.859950,-0.940155
8.864952,-0.302205
8.869954,0.667700
8.874956,0.709686
8.879958,-0.006895
8.884960,0.110150
8.889962,0.553667
8.894964,0.185769
8.899966,0.671573
8.904968,-0.201646
8.909970,1.243211
8.914972,-0.400130
8.919974,-0.036049
8.924976,0.508754
8.929978,0.111272
8.934980,-0.154216
8.939982,0.366699
8.944984,0.111589
8.949986,0.153709
8.954988,0.445135
8.959991,-0.284681
8.964993,0.486061
8.969995,0.150208
8.974997,0.098238
8.979999,-0.443483
8.985001,0.200468
8.990003,0.308412
8.995005,-0.037790
9.000007,-0.275035
9.005009,-0.731894
9.010011,-0.624709
9.015013,-0.726572
9.020015,-0.360687
9.025017,0.201371
9.030019,0.224559
9.035021,0.176212
9.040023,1.162584
9.045025,0.671375
9.050027,-0.004029
9.055029,0.355600
9.060031,-0.428487
9.065033,0.554753
9.070035,0.496652
9.075037,1.365036
9.080039,-0.486491
9.085041,0.112280
9.090043,0.363382
9.095045,0.185320
9.100047,0.547614
9.105049,-0.224743
9.110051,1.075102
9.115053,0.124361
9.120055,-0.552899
9.125057,0.213896
9.130059,0.174604
9.135061,-0.505257
9.140063,-0.455453
9.145065,-0.862376
9.150067,0.553665
9.155069,0.932093
9.160071,0.282124
9.165073,0.118576
9.170075,0.200588
9.175077,-0.164434
9.180079,0.109997
9.185081,0.021539
9.190084,0.386174
9.195086,-1.045182
9.200088,0.482972
9.205090,-0.110796
